round	loss of global	MAE of global	MSE of global	Max Loss of client	Max MAE of client	Max MSE of client	Avg Loss of client	Avg MAE of client	Avg MSE of client
1	10.6340	2.0451	10.6340	15.0499	2.4200	15.0499	10.8812	2.1086	10.8812
2	5.7756	1.4849	5.7756	7.8845	1.7291	7.8845	6.6561	1.5803	6.6561
3	4.8431	1.3214	4.8431	6.3675	1.5238	6.3675	5.6599	1.4302	5.6599
4	4.2214	1.1818	4.2214	6.0580	1.4183	6.0580	5.1307	1.3125	5.1307
5	3.8956	1.1133	3.8956	6.0555	1.3382	6.0555	4.6964	1.2342	4.6964
6	3.6118	1.0894	3.6118	5.4359	1.3338	5.4359	4.5607	1.2156	4.5607
7	3.3498	1.0625	3.3498	4.9396	1.2802	4.9396	4.0956	1.1706	4.0956
8	2.9684	1.0012	2.9684	4.9264	1.2041	4.9264	3.8427	1.1087	3.8427
9	2.8029	0.9795	2.8029	4.0259	1.1802	4.0259	3.4752	1.0726	3.4752
10	2.6965	0.9639	2.6965	4.2076	1.1683	4.2076	3.5242	1.0755	3.5242
11	2.5501	0.9318	2.5501	4.3951	1.1508	4.3951	3.3265	1.0361	3.3265
12	2.3912	0.9060	2.3912	4.1465	1.1273	4.1465	3.1832	1.0241	3.1832
13	2.3441	0.8924	2.3441	3.9538	1.0558	3.9538	3.1321	0.9938	3.1321
14	2.2422	0.8724	2.2422	4.0429	1.0724	4.0429	2.9845	0.9833	2.9845
15	2.1421	0.8561	2.1421	5.1734	1.1080	5.1734	3.0463	0.9705	3.0463
16	2.1780	0.8515	2.1780	4.4618	1.0715	4.4618	3.0546	0.9655	3.0546
17	2.0984	0.8317	2.0984	4.5640	1.0519	4.5640	2.9604	0.9585	2.9604
18	2.0531	0.8299	2.0531	3.3028	0.9837	3.3028	2.7906	0.9348	2.7906
19	2.0018	0.8147	2.0018	3.5699	1.0233	3.5699	2.7079	0.9219	2.7079
20	1.9488	0.8053	1.9488	3.7818	1.0198	3.7818	2.7911	0.9179	2.7911
21	1.9737	0.8100	1.9737	4.1395	1.0161	4.1395	2.9593	0.9399	2.9593
22	1.9969	0.8135	1.9969	4.9958	1.0549	4.9958	2.9739	0.9326	2.9739
23	1.9724	0.8128	1.9724	4.2963	1.0199	4.2963	2.9252	0.9311	2.9252
24	1.9494	0.8092	1.9494	5.3750	1.0594	5.3750	3.0443	0.9322	3.0443
25	1.9668	0.8078	1.9668	4.1745	0.9979	4.1745	2.7672	0.9092	2.7672
26	2.0213	0.8151	2.0213	4.0239	0.9884	4.0239	2.8601	0.9218	2.8601
27	2.0589	0.8277	2.0589	5.1817	1.1013	5.1817	3.0706	0.9199	3.0706
28	2.0394	0.8257	2.0394	4.7818	1.0147	4.7818	2.9938	0.9180	2.9938
29	2.0164	0.8194	2.0164	3.9154	1.0365	3.9154	2.8492	0.9092	2.8492
30	2.0336	0.8220	2.0336	4.5797	1.0386	4.5797	2.9556	0.9081	2.9556
31	2.0408	0.8182	2.0408	5.2969	1.0224	5.2969	2.9980	0.9219	2.9980
32	2.1495	0.8332	2.1495	4.6028	1.0684	4.6028	3.0440	0.9227	3.0440
33	2.0759	0.8137	2.0759	3.6277	0.9887	3.6277	2.8123	0.9046	2.8123
34	2.1268	0.8218	2.1268	5.4047	1.0290	5.4047	3.0773	0.9203	3.0773
35	2.1327	0.8148	2.1327	4.5011	1.0157	4.5011	3.0417	0.9117	3.0417
36	2.1543	0.8183	2.1543	4.7467	1.0839	4.7467	3.0815	0.9190	3.0815
37	2.1699	0.8150	2.1699	4.4198	1.0430	4.4198	3.0593	0.9202	3.0593
38	2.2549	0.8283	2.2549	4.5674	1.0149	4.5674	3.1334	0.9208	3.1334
39	2.2592	0.8217	2.2592	4.6909	1.0770	4.6909	3.0417	0.9266	3.0417
40	2.2981	0.8221	2.2981	4.5254	1.0475	4.5254	3.1250	0.9232	3.1250
41	2.3420	0.8223	2.3420	4.8314	1.0523	4.8314	3.3070	0.9299	3.3070
42	2.3526	0.8205	2.3526	4.7848	1.0014	4.7848	3.2246	0.9208	3.2246
43	2.4001	0.8293	2.4001	5.3500	1.0376	5.3500	3.3609	0.9298	3.3609
44	2.3433	0.8182	2.3433	4.9544	1.0730	4.9544	3.1827	0.9163	3.1827
45	2.4926	0.8302	2.4926	5.7269	1.0772	5.7269	3.5415	0.9393	3.5415
46	2.4243	0.8265	2.4243	5.7504	1.0992	5.7504	3.3772	0.9311	3.3772
47	2.4628	0.8201	2.4628	5.3436	1.0564	5.3436	3.3362	0.9220	3.3362
48	2.4279	0.8177	2.4279	4.6587	1.0120	4.6587	3.2721	0.9234	3.2721
49	2.3999	0.8165	2.3999	4.9708	1.0110	4.9708	3.2904	0.9233	3.2904
50	2.4015	0.8161	2.4015	4.8947	1.0648	4.8947	3.2716	0.9112	3.2716
51	2.3093	0.8116	2.3093	4.7376	1.0693	4.7376	3.0967	0.9071	3.0967
52	2.4286	0.8183	2.4286	4.9532	1.1148	4.9532	3.3566	0.9215	3.3566
53	2.3891	0.8113	2.3891	4.4753	1.0404	4.4753	3.1483	0.8999	3.1483
54	2.3721	0.8174	2.3721	4.8685	1.0626	4.8685	3.2662	0.9164	3.2662
55	2.2795	0.7959	2.2795	4.2232	0.9977	4.2232	3.0178	0.8945	3.0178
56	2.2753	0.7952	2.2753	4.4628	1.0074	4.4628	3.0160	0.9008	3.0160
57	2.3765	0.7969	2.3765	5.8489	1.0212	5.8489	3.2874	0.9001	3.2874
58	2.3515	0.8006	2.3515	5.0397	1.0296	5.0397	3.1701	0.9030	3.1701
59	2.3671	0.8071	2.3671	4.6189	1.0172	4.6189	3.2012	0.9026	3.2012
60	2.3612	0.7968	2.3612	4.6524	1.0229	4.6524	3.0972	0.8895	3.0972
61	2.3054	0.7955	2.3054	4.6882	1.0302	4.6882	3.0690	0.8835	3.0690
62	2.3526	0.8057	2.3526	5.3991	1.1275	5.3991	3.1377	0.8920	3.1377
63	2.3157	0.8005	2.3157	4.7425	1.0380	4.7425	3.0735	0.8925	3.0735
64	2.3181	0.7881	2.3181	4.2291	1.0132	4.2291	2.9826	0.8726	2.9826
65	2.3598	0.7910	2.3598	4.5230	1.0083	4.5230	3.1098	0.8796	3.1098
66	2.3985	0.8018	2.3985	4.8763	1.0423	4.8763	3.2560	0.9028	3.2560
67	2.4328	0.7974	2.4328	5.0053	1.0605	5.0053	3.1034	0.8858	3.1034
68	2.4163	0.8053	2.4163	4.9437	1.0375	4.9437	3.0814	0.8790	3.0814
69	2.5738	0.8143	2.5738	5.8792	1.0530	5.8792	3.4098	0.9038	3.4098
70	2.5864	0.8133	2.5864	5.9432	1.0378	5.9432	3.3680	0.9055	3.3680
71	2.5428	0.8055	2.5428	4.8296	1.0127	4.8296	3.1891	0.8816	3.1891
72	2.5786	0.8253	2.5786	4.8149	1.0289	4.8149	3.3130	0.9090	3.3130
73	2.5694	0.8103	2.5694	5.1255	1.0427	5.1255	3.4519	0.9059	3.4519
74	2.6767	0.8217	2.6767	5.5843	1.0443	5.5843	3.6554	0.9222	3.6554
75	2.7430	0.8240	2.7430	5.7699	1.0417	5.7699	3.5856	0.9073	3.5856
76	2.7266	0.8220	2.7266	4.7430	1.0317	4.7430	3.4483	0.9011	3.4483
77	2.7247	0.8211	2.7247	5.1556	1.0505	5.1556	3.4611	0.9113	3.4611
78	2.7966	0.8283	2.7966	5.4714	1.0291	5.4714	3.6312	0.9177	3.6312
79	2.9797	0.8370	2.9797	6.6931	1.0707	6.6931	3.8674	0.9235	3.8674
80	2.9175	0.8334	2.9175	5.1290	1.0407	5.1290	3.6962	0.9196	3.6962
81	2.7936	0.8165	2.7936	5.8665	1.0731	5.8665	3.5691	0.9041	3.5691
82	2.8970	0.8324	2.8970	5.9804	1.1254	5.9804	3.7525	0.9222	3.7525
83	2.9301	0.8324	2.9301	5.2621	1.0738	5.2621	3.6458	0.9233	3.6458
84	2.9945	0.8327	2.9945	5.2364	1.0663	5.2364	3.7842	0.9208	3.7842
85	2.8647	0.8161	2.8647	5.1755	1.0517	5.1755	3.6165	0.9090	3.6165
86	2.8483	0.8167	2.8483	4.9054	1.0118	4.9054	3.6262	0.9156	3.6262
87	2.9973	0.8312	2.9973	6.2394	1.0593	6.2394	3.8546	0.9276	3.8546
88	2.8806	0.8205	2.8806	5.6139	1.0806	5.6139	3.5934	0.9103	3.5934
89	3.0122	0.8404	3.0122	5.6099	1.0571	5.6099	3.8844	0.9308	3.8844
90	2.9755	0.8312	2.9755	5.3988	1.0653	5.3988	3.6659	0.9187	3.6659
91	3.0499	0.8377	3.0499	5.7086	1.0450	5.7086	3.7627	0.9198	3.7627
92	3.0832	0.8381	3.0832	5.6289	1.0877	5.6289	3.8507	0.9236	3.8507
93	3.0581	0.8451	3.0581	5.4327	1.0312	5.4327	3.8478	0.9261	3.8478
94	3.2362	0.8503	3.2362	5.3885	1.0639	5.3885	3.9758	0.9316	3.9758
95	3.1758	0.8366	3.1758	5.8894	1.0859	5.8894	3.9247	0.9217	3.9247
96	3.1833	0.8401	3.1833	5.7975	1.0574	5.7975	3.8629	0.9191	3.8629
97	3.2825	0.8520	3.2825	6.1137	1.1142	6.1137	3.9304	0.9284	3.9304
98	3.2179	0.8439	3.2179	5.6123	1.0599	5.6123	3.9942	0.9358	3.9942
99	3.1274	0.8373	3.1274	6.2526	1.0340	6.2526	3.8561	0.9104	3.8561
100	3.3080	0.8455	3.3080	6.4513	1.0788	6.4513	4.1511	0.9265	4.1511