round	loss of global	MAE of global	MSE of global	Max Loss of client	Max MAE of client	Max MSE of client	Avg Loss of client	Avg MAE of client	Avg MSE of client
1	86.2107	6.7232	86.2107	93.0734	6.9958	93.0734	73.1945	6.2456	73.1945
2	50.7498	5.2424	50.7498	81.4725	6.7174	81.4725	59.8732	5.5736	59.8732
3	46.9561	4.9187	46.9561	64.3688	6.2297	64.3688	53.1589	5.2364	53.1589
4	45.2477	4.7597	45.2477	65.9607	5.6113	65.9607	50.8877	5.0103	50.8877
5	37.2145	4.0386	37.2145	58.8623	5.2194	58.8623	43.6912	4.4158	43.6912
6	33.1083	3.5466	33.1083	49.7670	4.6381	49.7670	37.8731	3.8290	37.8731
7	29.8019	3.0996	29.8019	57.9118	4.6443	57.9118	37.4204	3.7291	37.4204
8	29.0016	2.9358	29.0016	39.3877	3.9127	39.3877	34.6823	3.4603	34.6823
9	28.4346	2.8796	28.4346	46.2665	4.1993	46.2665	36.0804	3.4758	36.0804
10	28.0041	2.8492	28.0041	45.9131	4.1611	45.9131	34.9085	3.4591	34.9085
11	28.8394	2.9124	28.8394	41.8889	4.0773	41.8889	35.8180	3.4809	35.8180
12	28.3377	2.8615	28.3377	46.5891	4.0109	46.5891	35.5359	3.4389	35.5359
13	26.5312	2.7309	26.5312	51.9500	4.1998	51.9500	35.1124	3.3801	35.1124
14	27.4360	2.6867	27.4360	41.3445	3.5928	41.3445	32.7473	3.1602	32.7473
15	26.3545	2.6708	26.3545	37.3943	3.3233	37.3943	30.4633	3.0721	30.4633
16	26.3297	2.6381	26.3297	59.2049	4.7954	59.2049	36.3443	3.3547	36.3443
17	25.7878	2.5979	25.7878	35.3958	3.6357	35.3958	30.6433	2.9966	30.6433
18	26.0317	2.5774	26.0317	51.7898	4.1921	51.7898	33.7393	3.2513	33.7393
19	25.9494	2.5482	25.9494	35.4387	3.5536	35.4387	30.4715	3.0609	30.4715
20	25.1432	2.6054	25.1432	48.2681	4.0936	48.2681	32.8248	3.2713	32.8248
21	25.0260	2.5997	25.0260	38.7860	3.8541	38.7860	31.0062	3.0909	31.0062
22	24.4293	2.5201	24.4293	36.4247	3.6021	36.4247	29.8945	3.0387	29.8945
23	24.4619	2.4887	24.4619	39.6731	3.6955	39.6731	30.3605	3.0748	30.3605
24	25.0290	2.5263	25.0290	36.8917	3.6326	36.8917	32.1514	3.1047	32.1514
25	24.4235	2.5980	24.4235	45.4432	4.0989	45.4432	31.1810	3.1483	31.1810
26	24.1135	2.5694	24.1135	45.8728	4.1619	45.8728	33.4936	3.2340	33.4936
27	25.5028	2.5161	25.5028	52.6015	4.3546	52.6015	36.5021	3.4366	36.5021
28	23.9960	2.5760	23.9960	56.4527	4.6454	56.4527	33.1783	3.0782	33.1783
29	23.7088	2.5159	23.7088	35.0823	3.6231	35.0823	29.5699	2.9735	29.5699
30	23.5152	2.5514	23.5152	58.6656	4.2549	58.6656	33.0186	3.1287	33.0186
31	23.6672	2.6384	23.6672	35.1745	3.5530	35.1745	29.8372	3.0594	29.8372
32	23.8101	2.4786	23.8101	45.6734	3.7206	45.6734	32.0629	3.1486	32.0629
33	22.8930	2.5189	22.8930	36.5030	3.4883	36.5030	29.0280	3.0234	29.0280
34	22.9334	2.4130	22.9334	41.6907	3.8364	41.6907	32.8272	3.2061	32.8272
35	22.6595	2.4562	22.6595	32.6078	3.3017	32.6078	28.0206	2.9271	28.0206
36	23.0809	2.4001	23.0809	42.4708	4.0962	42.4708	31.0234	3.0200	31.0234
37	22.2753	2.4690	22.2753	63.9629	4.2816	63.9629	32.5796	3.0995	32.5796
38	22.4703	2.4742	22.4703	43.6829	3.6435	43.6829	29.4333	2.9850	29.4333
39	23.1244	2.4210	23.1244	33.6858	3.5215	33.6858	29.6025	2.9784	29.6025
40	22.1493	2.4754	22.1493	37.0645	3.5440	37.0645	29.0285	2.9711	29.0285
41	22.3303	2.4351	22.3303	36.3134	3.8456	36.3134	30.0365	3.0755	30.0365
42	22.5294	2.3763	22.5294	38.5896	3.5370	38.5896	29.3446	2.9034	29.3446
43	23.6117	2.5026	23.6117	36.3319	3.4887	36.3319	28.6690	2.9079	28.6690
44	21.8312	2.3991	21.8312	30.8595	3.2000	30.8595	27.1506	2.7533	27.1506
45	22.0826	2.4526	22.0826	52.3670	4.2665	52.3670	31.7631	3.1090	31.7631
46	21.9189	2.3563	21.9189	33.2641	3.4494	33.2641	28.7597	2.9031	28.7597
47	22.0597	2.4337	22.0597	76.7799	5.3939	76.7799	35.8643	3.3452	35.8643
48	21.8472	2.4952	21.8472	56.1214	3.9701	56.1214	31.5399	3.0517	31.5399
49	21.7972	2.5199	21.7972	37.9430	3.5349	37.9430	28.8373	2.9865	28.8373
50	22.5260	2.4086	22.5260	33.7795	3.3545	33.7795	28.7275	2.9777	28.7275
51	21.6657	2.4580	21.6657	37.1532	3.5311	37.1532	30.1314	3.0017	30.1314
52	21.4487	2.5337	21.4487	57.7877	4.5930	57.7877	34.6723	3.3060	34.6723
53	21.5505	2.4287	21.5505	45.4576	3.6786	45.4576	29.8132	2.9888	29.8132
54	21.3508	2.3310	21.3508	35.6424	3.4451	35.6424	29.2206	2.9478	29.2206
55	21.2320	2.4208	21.2320	38.7173	3.5238	38.7173	30.9505	3.0582	30.9505
56	21.2998	2.4444	21.2998	39.1502	3.7247	39.1502	27.9350	2.9079	27.9350
57	21.4014	2.3923	21.4014	32.2269	3.3118	32.2269	28.4188	2.9131	28.4188
58	21.4104	2.3440	21.4104	48.8542	4.4335	48.8542	31.9021	3.2569	31.9021
59	21.9560	2.3852	21.9560	54.2868	4.4128	54.2868	34.5993	3.2756	34.5993
60	21.0374	2.3418	21.0374	37.6099	3.5773	37.6099	28.5807	3.0274	28.5807
61	20.7920	2.3525	20.7920	45.0466	3.9005	45.0466	30.1332	3.0539	30.1332
62	20.9219	2.3764	20.9219	47.2837	3.8438	47.2837	30.7191	2.9774	30.7191
63	21.3787	2.3549	21.3787	42.0618	3.7798	42.0618	30.4770	3.0469	30.4770
64	21.3065	2.3493	21.3065	37.0278	3.5179	37.0278	30.0719	3.0980	30.0719
65	20.7551	2.3960	20.7551	39.9540	3.3936	39.9540	28.6672	2.8953	28.6672
66	21.3163	2.3326	21.3163	36.0166	3.3424	36.0166	27.6369	2.9590	27.6369
67	20.7593	2.3366	20.7593	32.5172	3.1139	32.5172	27.0740	2.8861	27.0740
68	21.1901	2.3713	21.1901	38.9637	3.5388	38.9637	28.8171	2.9588	28.8171
69	20.8882	2.4031	20.8882	38.8249	3.7114	38.8249	31.8797	3.1704	31.8797
70	20.7264	2.4310	20.7264	40.7851	3.7086	40.7851	30.8945	3.1273	30.8945
71	21.1814	2.3561	21.1814	36.5404	3.6184	36.5404	28.5798	2.9287	28.5798
72	20.7649	2.3702	20.7649	33.2598	3.5942	33.2598	28.0497	2.9209	28.0497
73	21.3999	2.4029	21.3999	31.8809	3.2526	31.8809	28.2064	2.8956	28.2064
74	21.3874	2.3441	21.3874	54.1759	3.9737	54.1759	33.5858	3.1062	33.5858
75	21.0930	2.4589	21.0930	38.3520	3.5325	38.3520	27.9063	2.8919	27.9063
76	21.0272	2.4554	21.0272	42.6763	3.6709	42.6763	30.4086	3.0675	30.4086
77	21.1933	2.4749	21.1933	36.8482	3.4512	36.8482	29.7559	3.0634	29.7559
78	21.5852	2.4364	21.5852	34.9296	3.4155	34.9296	29.2533	2.9921	29.2533
79	22.2293	2.4038	22.2293	44.2816	3.5149	44.2816	31.0942	3.1485	31.0942
80	20.9986	2.4003	20.9986	44.9754	3.7596	44.9754	31.5986	3.0681	31.5986
81	21.1301	2.4203	21.1301	34.7019	3.5545	34.7019	28.8575	2.8902	28.8575
82	20.9838	2.5097	20.9838	49.1220	4.1158	49.1220	29.5463	2.9912	29.5463
83	21.0962	2.5134	21.0962	36.3982	3.4954	36.3982	28.9134	3.0310	28.9134
84	20.9853	2.5899	20.9853	47.2427	4.1885	47.2427	30.6915	3.1366	30.6915
85	20.8327	2.5107	20.8327	56.6344	4.0795	56.6344	31.4758	3.0491	31.4758
86	20.9620	2.4843	20.9620	39.5191	3.5589	39.5191	28.7187	2.9037	28.7187
87	20.8871	2.5046	20.8871	35.7308	3.3828	35.7308	28.6312	2.9998	28.6312
88	21.3321	2.5322	21.3321	39.6999	3.6606	39.6999	28.8272	2.9521	28.8272
89	21.3441	2.5162	21.3441	42.5356	3.6595	42.5356	29.3910	2.9812	29.3910
90	21.1276	2.4766	21.1276	46.6935	3.8608	46.6935	32.6055	3.0909	32.6055
91	21.1249	2.4698	21.1249	48.0730	3.7435	48.0730	32.1262	3.1012	32.1262
92	21.4614	2.5280	21.4614	43.7695	3.6590	43.7695	30.6895	2.9742	30.6895
93	21.1605	2.5492	21.1605	34.7129	3.4094	34.7129	28.9836	2.9781	28.9836
94	22.4164	2.6527	22.4164	48.8200	3.9436	48.8200	30.9213	3.0055	30.9213
95	22.2622	2.4720	22.2622	39.8436	3.6763	39.8436	31.7859	3.0998	31.7859
96	21.3160	2.4441	21.3160	54.1867	4.0208	54.1867	32.2996	3.0880	32.2996
97	21.4411	2.5655	21.4411	47.5784	3.9781	47.5784	32.1609	3.0722	32.1609
98	21.4620	2.5018	21.4620	42.4068	3.7890	42.4068	30.9003	3.1000	30.9003
99	21.3853	2.5674	21.3853	38.5555	3.7179	38.5555	29.0018	2.9257	29.0018
100	21.5639	2.6273	21.5639	37.7104	3.6655	37.7104	31.2659	3.1343	31.2659