round	loss of global	MAE of global	MSE of global	Max Loss of client	Max MAE of client	Max MSE of client	Avg Loss of client	Avg MAE of client	Avg MSE of client
1	513.1037	15.3222	513.1037	460.1588	14.2166	460.1588	368.8628	13.2579	368.8628
2	164.2928	9.6692	164.2928	245.1675	11.1693	245.1675	191.1974	10.2855	191.1974
3	144.1818	9.1158	144.1818	174.5950	9.9035	174.5950	159.3693	9.5430	159.3693
4	134.1799	8.7151	134.1799	175.8855	9.5627	175.8855	149.6863	9.1398	149.6863
5	124.3690	8.3330	124.3690	154.3416	9.2015	154.3416	137.0884	8.7056	137.0884
6	116.0160	7.8700	116.0160	144.8260	8.6000	144.8260	128.5961	8.2688	128.5961
7	100.1681	7.0871	100.1681	125.3359	7.9945	125.3359	111.7112	7.4515	111.7112
8	87.0536	5.9552	87.0536	108.6738	6.7755	108.6738	96.7351	6.2698	96.7351
9	80.7855	5.3450	80.7855	110.8964	6.1863	110.8964	93.3016	5.8093	93.3016
10	78.0535	5.2849	78.0535	95.8824	6.0886	95.8824	88.0533	5.6620	88.0533
11	77.5921	5.2588	77.5921	105.6027	6.2101	105.6027	90.1047	5.7143	90.1047
12	76.9146	5.2341	76.9146	95.2030	5.9721	95.2030	87.6654	5.6191	87.6654
13	75.4933	5.1778	75.4933	92.2744	5.8414	92.2744	84.5921	5.5093	84.5921
14	75.5175	5.1469	75.5175	100.8039	5.9968	100.8039	85.8565	5.5029	85.8565
15	73.9447	5.1044	73.9447	95.2626	5.7647	95.2626	86.3506	5.5247	86.3506
16	73.4742	5.1014	73.4742	101.0881	6.1144	101.0881	85.5988	5.5677	85.5988
17	72.0633	5.0242	72.0633	91.6824	5.7501	91.6824	83.1598	5.4493	83.1598
18	72.8668	5.1095	72.8668	93.6051	5.8300	93.6051	83.5743	5.4944	83.5743
19	70.9591	4.9743	70.9591	95.3597	6.0319	95.3597	83.1712	5.4481	83.1712
20	71.8705	5.0460	71.8705	95.3858	5.9944	95.3858	83.5064	5.4714	83.5064
21	70.6638	4.9971	70.6638	102.3827	5.9088	102.3827	84.2209	5.4499	84.2209
22	69.8907	4.9554	69.8907	105.5539	5.8843	105.5539	81.9707	5.3739	81.9707
23	70.4293	4.9578	70.4293	94.9422	5.9196	94.9422	84.4519	5.5171	84.4519
24	69.0790	4.9349	69.0790	98.0548	5.9214	98.0548	79.4959	5.3149	79.4959
25	68.2651	4.8922	68.2651	90.4054	5.6399	90.4054	81.4247	5.3523	81.4247
26	68.9944	4.8842	68.9944	127.8742	6.5329	127.8742	83.0953	5.3809	83.0953
27	68.7721	4.9269	68.7721	87.4946	5.6470	87.4946	80.7847	5.3376	80.7847
28	68.8415	4.9190	68.8415	97.1858	5.8054	97.1858	82.6490	5.4020	82.6490
29	69.4329	4.9377	69.4329	90.1582	5.8250	90.1582	82.5078	5.3924	82.5078
30	69.3942	4.9375	69.3942	108.7531	5.9656	108.7531	82.4737	5.3774	82.4737
31	69.5045	4.9311	69.5045	84.5740	5.4525	84.5740	79.4248	5.2871	79.4248
32	69.6090	4.9143	69.6090	98.9586	5.6553	98.9586	81.1723	5.3042	81.1723
33	69.7955	4.9699	69.7955	123.8127	6.5421	123.8127	88.8581	5.5308	88.8581
34	68.9324	4.9376	68.9324	87.2046	5.5764	87.2046	79.4119	5.3037	79.4119
35	69.1922	4.9633	69.1922	89.7922	5.6072	89.7922	79.4259	5.3293	79.4259
36	69.2151	4.9750	69.2151	90.5326	5.6532	90.5326	80.3272	5.3388	80.3272
37	68.6914	4.9567	68.6914	134.7884	6.5743	134.7884	85.2181	5.4545	85.2181
38	68.5363	4.9467	68.5363	90.1670	5.5231	90.1670	79.4753	5.2697	79.4753
39	68.4773	4.9463	68.4773	86.0311	5.5690	86.0311	79.4681	5.3465	79.4681
40	68.4916	4.9708	68.4916	89.9484	5.7416	89.9484	78.9218	5.3262	78.9218
41	67.8444	4.9301	67.8444	91.2861	5.7989	91.2861	83.0324	5.4255	83.0324
42	68.8439	4.9754	68.8439	103.3895	5.9115	103.3895	81.5068	5.4045	81.5068
43	67.9271	4.9474	67.9271	96.6898	5.7592	96.6898	81.7700	5.3932	81.7700
44	68.6631	4.9722	68.6631	90.9563	5.9509	90.9563	82.6466	5.4500	82.6466
45	68.3956	4.9656	68.3956	88.3970	5.7491	88.3970	78.0656	5.3081	78.0656
46	69.6167	5.0250	69.6167	92.0203	6.0075	92.0203	80.8439	5.4045	80.8439
47	69.6857	5.0082	69.6857	107.5391	6.1869	107.5391	81.9652	5.4041	81.9652
48	68.5416	4.9820	68.5416	116.7944	6.2641	116.7944	83.0959	5.4501	83.0959
49	68.5830	4.9818	68.5830	98.4032	5.7443	98.4032	82.1509	5.3994	82.1509
50	67.9965	4.9691	67.9965	99.7584	5.9941	99.7584	82.7669	5.4433	82.7669
51	67.8573	4.9573	67.8573	96.8436	5.9440	96.8436	78.4066	5.3218	78.4066
52	68.5570	5.0215	68.5570	88.8222	5.5682	88.8222	78.5984	5.3087	78.5984
53	67.4264	4.9624	67.4264	90.4029	5.6400	90.4029	79.9340	5.3626	79.9340
54	68.9164	5.0422	68.9164	92.4506	6.3315	92.4506	80.8102	5.4484	80.8102
55	68.5162	5.0079	68.5162	104.0203	6.0165	104.0203	83.0893	5.4301	83.0893
56	68.3703	5.0075	68.3703	87.9050	5.5384	87.9050	78.9347	5.3229	78.9347
57	68.5384	5.0357	68.5384	92.1033	5.7972	92.1033	81.1037	5.3933	81.1037
58	68.6521	5.0108	68.6521	87.4737	5.6521	87.4737	78.5472	5.3248	78.5472
59	68.8198	5.0095	68.8198	116.3091	6.2829	116.3091	85.1200	5.5314	85.1200
60	69.1670	5.0353	69.1670	104.8745	5.9817	104.8745	81.8719	5.4250	81.8719
61	68.2124	5.0026	68.2124	93.4242	5.9875	93.4242	80.2692	5.3806	80.2692
62	68.0502	4.9920	68.0502	92.4896	5.6605	92.4896	79.5309	5.3147	79.5309
63	70.0226	5.0232	70.0226	92.1153	5.6074	92.1153	82.1290	5.4183	82.1290
64	68.5168	5.0219	68.5168	86.3025	5.4521	86.3025	79.6924	5.3751	79.6924
65	68.1139	4.9941	68.1139	89.7013	5.8560	89.7013	79.8021	5.3843	79.8021
66	68.6797	5.0100	68.6797	97.1300	5.8224	97.1300	83.3253	5.4544	83.3253
67	69.3113	5.0437	69.3113	103.2448	6.0013	103.2448	84.1628	5.4761	84.1628
68	69.1606	5.0711	69.1606	94.6213	5.8621	94.6213	83.3587	5.4476	83.3587
69	68.9398	5.0325	68.9398	101.5586	5.7589	101.5586	83.6591	5.4221	83.6591
70	69.7248	5.0366	69.7248	90.9341	5.6119	90.9341	81.1144	5.4264	81.1144
71	69.5893	5.0305	69.5893	101.8289	5.6921	101.8289	82.1207	5.3631	82.1207
72	70.2428	5.0744	70.2428	114.8819	6.3266	114.8819	87.4594	5.5577	87.4594
73	69.4825	5.0248	69.4825	108.1382	6.0994	108.1382	82.8877	5.4302	82.8877
74	68.7199	5.0098	68.7199	94.0626	5.6608	94.0626	82.5355	5.3870	82.5355
75	68.9914	5.0337	68.9914	111.8479	6.2673	111.8479	83.9041	5.4555	83.9041
76	69.2336	5.0332	69.2336	88.4990	5.6647	88.4990	79.7301	5.3439	79.7301
77	68.4628	5.0164	68.4628	96.7511	5.8169	96.7511	82.1801	5.3820	82.1801
78	68.7348	5.0012	68.7348	93.8042	5.6996	93.8042	80.5504	5.3873	80.5504
79	68.8380	5.0021	68.8380	91.6155	5.7920	91.6155	81.4373	5.4290	81.4373
80	68.3368	5.0093	68.3368	87.8392	5.5475	87.8392	79.4382	5.3640	79.4382
81	68.8479	5.0216	68.8479	86.6014	5.4655	86.6014	79.8391	5.3292	79.8391
82	69.3757	5.0567	69.3757	91.0027	5.7486	91.0027	80.4807	5.3696	80.4807
83	68.7959	5.0455	68.7959	97.3458	5.7472	97.3458	83.0814	5.4316	83.0814
84	69.5794	5.0710	69.5794	120.6838	6.4845	120.6838	84.6193	5.5107	84.6193
85	68.3120	5.0123	68.3120	86.2718	5.5050	86.2718	79.6889	5.3293	79.6889
86	68.4931	5.0204	68.4931	84.5390	5.6325	84.5390	79.3255	5.3614	79.3255
87	68.3819	5.0033	68.3819	92.6135	5.7159	92.6135	80.9962	5.4034	80.9962
88	68.6918	5.0233	68.6918	91.1312	5.6315	91.1312	81.0638	5.3872	81.0638
89	67.7631	5.0114	67.7631	89.9694	5.6116	89.9694	77.6856	5.3000	77.6856
90	67.3730	4.9839	67.3730	90.9253	5.7269	90.9253	81.9234	5.3932	81.9234
91	67.1140	5.0008	67.1140	87.2415	5.5428	87.2415	78.5567	5.3410	78.5567
92	68.5165	5.0554	68.5165	94.2299	5.8046	94.2299	80.8564	5.4092	80.8564
93	67.0020	4.9884	67.0020	95.9903	5.8975	95.9903	80.1816	5.3737	80.1816
94	68.1829	5.0216	68.1829	93.6174	6.0402	93.6174	82.3718	5.4577	82.3718
95	67.0654	4.9827	67.0654	88.0705	5.5066	88.0705	79.9898	5.3488	79.9898
96	67.0651	4.9701	67.0651	90.5733	5.7318	90.5733	79.0783	5.3751	79.0783
97	65.7028	4.9352	65.7028	91.0589	5.7004	91.0589	79.7682	5.3287	79.7682
98	66.3889	4.9627	66.3889	91.9315	5.5712	91.9315	80.0755	5.3436	80.0755
99	66.3644	4.9444	66.3644	93.3405	5.8485	93.3405	82.7539	5.4938	82.7539
100	65.7999	4.8993	65.7999	86.5506	5.5101	86.5506	79.2094	5.3217	79.2094